4.567823127349163406e+05,0.000000000000000000e+00,2.958001952514397945e-02,-9.008730089066498137e-02,3.708721824285533125e-02,-2.269800158022661985e-05,9.282235081380621861e-12,1.878061102895531119e-10,-3.965997477030931685e-13,-1.722820070429421772e-13,1.747185773416640936e-12,4.199810469868679031e-16
5.903175726394595113e+05,0.000000000000000000e+00,4.670233546924766957e-03,-4.417125316572925731e-02,3.213516781943022427e-02,-2.075813916599847314e-06,9.528796879807616697e-12,-1.759195493024222627e-10,-8.099800819384796494e-14,-5.019096604045360659e-13,1.978760306621951291e-12,3.866471157608365804e-16
6.964783552665377501e+05,0.000000000000000000e+00,8.491096495475987773e-04,1.860599193155434636e-02,2.705845221302651329e-02,-1.433975590225942568e-06,3.115799741653040910e-06,5.954783668166401555e-11,2.494502861804604206e-15,-7.364776380663234407e-15,1.720173746203692014e-12,-1.447353393421468888e-16
7.212844267886902671e+05,0.000000000000000000e+00,2.296005151990290760e-02,4.491283681373695741e-02,3.405558711246475107e-02,-1.436134656820766663e-05,5.855409001129892988e-12,-1.789166381530092578e-10,6.988481734768049647e-14,9.948742648083574780e-14,1.542968029034949777e-12,-1.385296621733739826e-16
7.902555061800372787e+05,-0.000000000000000000e+00,-8.628060188259819088e-03,1.032436902703082193e-02,3.642515474797838188e-02,1.935054909477185513e-07,-6.944854102200133071e-07,-6.274523748068329284e-10,-5.538060285893365739e-13,-6.426082676790203071e-15,1.330285159743864707e-12,1.062394416039949601e-18
8.294284304867007304e+05,0.000000000000000000e+00,3.315156630001763523e-04,9.719359210032586273e-04,3.687790538075772645e-02,-1.207720360332827673e-05,-6.523385930963845600e-12,8.327825792911766372e-11,-7.705685064856930222e-14,-7.065896140956489708e-14,1.070698900274126204e-12,-2.949488843423404625e-16
8.533131039400156587e+05,-0.000000000000000000e+00,7.409500440272978247e-05,-2.393157168700272858e-03,3.410819574582071856e-02,9.661539385477717042e-07,1.992174620053167419e-06,8.498692038655604167e-10,-1.307109209894105432e-12,-5.448561406066769764e-13,9.135713720431854460e-13,-5.706624915409213093e-17
8.964354303098293021e+05,0.000000000000000000e+00,-1.021019303791625803e-02,-7.498011159144349781e-04,3.193283477278199833e-02,-8.824442739285182316e-06,-6.758506327853195486e-12,-1.094360612148848825e-10,-2.850102464626009928e-13,1.425679903251372207e-14,1.563108624569362831e-12,2.773992904651318261e-16
9.015377871568894479e+05,-0.000000000000000000e+00,-9.831973812994264719e-03,-1.795024416406026599e-02,3.543408722976632008e-02,-3.061690806186745090e-06,6.690687106102726015e-07,-6.910024936413310713e-10,7.293677992365210727e-13,-2.565754038084384365e-14,1.005796743569319757e-12,2.555748096016607428e-16
9.074009324827445671e+05,-0.000000000000000000e+00,1.609994839142441653e-02,1.559493762516066077e-02,3.243380672163324874e-02,3.885302469152882935e-06,3.610761412290533738e-12,-1.051816603259151139e-11,-6.337277332146542421e-14,-6.215462497266703234e-15,1.502449932086647232e-12,2.110888030480567635e-16
9.152439562062436016e+05,-0.000000000000000000e+00,3.246849111611539457e-03,3.040963670291003951e-02,3.201227409463472395e-02,2.251495643458228342e-07,9.102834631329688780e-13,-1.515302196114190764e-10,5.605015013012113889e-14,-1.129818740954003623e-13,1.546451367259545059e-12,-5.333760332367099033e-17
9.277577779467245564e+05,-0.000000000000000000e+00,9.429556767909275409e-04,2.611752177292780280e-02,3.052766780613792863e-02,4.479373980664494700e-06,1.667371980326619415e-06,-2.401697707292271955e-10,-2.040419926843518775e-15,-7.393860114962529684e-15,1.327502583981695738e-12,3.109206799253073042e-17
9.285374179720454849e+05,0.000000000000000000e+00,-1.172897500889890981e-03,-3.422462976962722253e-02,3.134467719476374120e-02,7.633260087494666811e-07,6.224657096791923576e-12,3.804561479296127039e-12,-4.343596478994468961e-14,-7.879682090529132927e-14,1.594635396546050937e-12,2.379182024429205030e-17
9.497395351847459096e+05,-0.000000000000000000e+00,-2.279360964974966319e-02,-1.851187416470524011e-02,3.691650686481191823e-02,1.430246253294195305e-05,-8.878183919530395491e-07,9.986515856737629988e-10,9.626563195146014054e-13,-1.061472724939998762e-13,1.150848744614502059e-12,4.581002967574245565e-16
9.601279765636702068e+05,0.000000000000000000e+00,-7.726411895643049178e-04,6.716941828531247010e-04,3.180120061100619178e-02,-7.921673562202465781e-06,-4.862321223440033215e-12,-3.281961476808623468e-11,-7.727920155544156890e-14,-9.783431174079368052e-15,1.513129149106853702e-12,-2.730233174551753371e-16
1.027081233487115009e+06,0.000000000000000000e+00,-7.359141651838629547e-03,1.500155420454759962e-02,3.561733980344137379e-02,-3.106527639091408219e-06,-1.574313163523103413e-07,8.859295169101373309e-10,8.072056800227923205e-13,9.113991752314853255e-14,1.059123623228670576e-12,-3.288511011386847330e-16
1.066833809643079061e+06,0.000000000000000000e+00,-4.309425037306545414e-03,2.875104789870846014e-02,3.233198425898891476e-02,-1.378538075246132784e-05,-2.699732711065513519e-12,4.402935924067846178e-11,-5.071351931317631833e-14,3.880899049826952957e-13,1.356900450189349297e-12,-1.812573991438581201e-16
1.076611671325229807e+06,-0.000000000000000000e+00,9.584380320698477956e-04,-2.961985888566431510e-02,3.163755060383140194e-02,-1.770926205267630371e-06,-3.389395197092394042e-14,-1.632095501306580469e-10,-4.481488353967442918e-14,2.273910794603957763e-13,1.423048953349741682e-12,-1.570887659845040601e-16
1.114396784417981282e+06,-0.000000000000000000e+00,-5.455726614354602932e-03,3.072973176548235343e-03,2.066588168223085220e-02,5.989106287297115875e-06,3.646401201193521568e-06,-2.612004041800295926e-10,4.883377340268478327e-15,-1.032518410854603738e-14,1.854897506006893392e-12,-1.704378011905726833e-16
1.139860471158957109e+06,-0.000000000000000000e+00,1.972496320462537728e-02,-5.184720792290593849e-02,3.636145299033117367e-02,-1.120748113294831142e-05,5.193678879271695884e-12,1.274767859880973636e-10,-3.937894730024770424e-13,8.006756711182943555e-14,8.518142171976505758e-13,-3.818963655579639974e-16
1.143335327099353308e+06,-0.000000000000000000e+00,7.701524044342721725e-04,-7.468643605434761856e-03,2.816190981627708992e-02,-7.941612165743635945e-07,3.011975359138983144e-14,-8.435076632175749113e-11,4.389017828148656332e-15,-6.940872468886649705e-15,1.770674671309102375e-12,4.960545809031595367e-17
1.147159731095951516e+06,-0.000000000000000000e+00,5.731600972580381788e-04,4.327572406364416091e-03,3.476207488704337323e-02,1.121692405954225043e-06,2.449587426826475497e-07,-1.087690887589002746e-11,-3.209132305787079858e-14,8.592113242083674427e-13,9.617408835086576615e-13,-3.671463333561585105e-16
1.147958766389626777e+06,-0.000000000000000000e+00,1.949376565744912349e-03,2.421902928847940919e-03,3.452475145998564615e-02,8.518093153968021294e-06,-3.782255186796247548e-12,9.587529708417918726e-11,1.658279986149321265e-13,4.734973406661892365e-15,1.043138950371554684e-12,-3.033147919480436434e-17
1.148788883214902598e+06,-0.000000000000000000e+00,-2.262695446799026873e-04,-5.962667985408269360e-03,3.674828078706295770e-02,-1.696723579088309746e-05,-1.465209623353026612e-12,1.346747533317313843e-10,6.379539557080930585e-14,1.394041397812849224e-13,7.977375494167052818e-13,2.948812892105929548e-17
1.157031275245591998e+06,0.000000000000000000e+00,7.441075333919799266e-04,-5.515806691175781373e-03,3.226839155703148387e-02,2.052992488756163188e-06,-5.698937144186617185e-13,3.504488027606764194e-12,1.566394129318946723e-14,-1.819731558364855233e-15,1.284246199729719879e-12,-9.623145374124876891e-17
1.168941254021449480e+06,-0.000000000000000000e+00,2.278718495550512840e-02,-8.616689744663694195e-02,3.350238550763880163e-02,-1.716009500395229459e-05,-7.106685917578288313e-12,-9.243151217651018851e-11,3.732921783528402586e-13,8.955286402927842376e-14,1.160681163867097436e-12,1.861518300019039832e-16
1.169503366866160883e+06,0.000000000000000000e+00,-2.705332713806206054e-04,-2.972121449092261433e-02,2.689107229687037401e-02,2.895091015544974376e-07,-8.267931355602714678e-12,2.622997506227025468e-11,-6.796886485421563060e-15,-4.503448965950926902e-13,1.901139250652185148e-12,1.241750730042490641e-16
1.193905091707766522e+06,-0.000000000000000000e+00,-3.419581522211839059e-02,-2.411836744169950850e-02,2.637892183493514495e-02,4.583063360070241513e-05,2.042971749395169749e-06,-1.192802842176871254e-09,1.988689577952821366e-12,-1.154736363170789057e-12,1.480774774684231768e-12,1.028743113256571902e-15
1.195840338751528179e+06,0.000000000000000000e+00,2.510817272507393969e-04,4.043715914221787493e-03,2.992886259015875919e-02,-5.407821121412018620e-07,4.939455918456031506e-13,2.157571621501620740e-12,3.158992290995667955e-14,5.340315578061263073e-14,1.520753552259015901e-12,-3.679487695336069000e-18
1.213434948321314296e+06,0.000000000000000000e+00,-1.106789659901482280e-02,3.298736706306931721e-02,2.891728661391116881e-02,6.627336804693007362e-07,-2.868515768981750885e-12,-1.323479256898825877e-10,-1.889443464687523083e-14,1.284778518645150018e-13,1.629712705359674848e-12,-1.350072593340430313e-16
1.230681008519589202e+06,0.000000000000000000e+00,4.591152292440396805e-03,2.913019386741072525e-02,3.057234666586053362e-02,1.631498780645254058e-05,6.521303120456266883e-12,3.095170411711728000e-11,2.968656495181720030e-14,2.605741536478406249e-14,1.430205773594042573e-12,-2.116964573605384790e-16
1.281935532017024001e+06,-0.000000000000000000e+00,-1.277891723560682993e-02,-1.077176104358459592e-03,3.640400945568623287e-02,6.196635928938279556e-06,-1.856455542314741067e-12,3.259277363189143065e-11,-1.293898709348713811e-14,2.977125114176931748e-13,7.376106760544360764e-13,9.743601615540475682e-17
1.288648501190791372e+06,-0.000000000000000000e+00,5.835241937374888123e-04,-2.165600806346720461e-02,3.552636232129155469e-02,-7.860601724854326402e-06,7.468835540578050291e-12,4.198776023860334437e-11,7.354000995122014500e-15,1.715381363379772958e-13,8.256399735431916484e-13,-9.197749593207992461e-18
1.291022394602122251e+06,0.000000000000000000e+00,-4.373686040526020367e-04,-3.228455825078966712e-04,3.449065020803177700e-02,-5.067610721047046977e-07,-8.184314600195279535e-08,-2.084174102930205266e-12,2.825036636528355668e-14,7.660188238907539588e-13,9.540693263437145225e-13,-6.188513972022330451e-16
1.325005303637533681e+06,-0.000000000000000000e+00,-8.059532540348125947e-04,2.494239370921602986e-03,2.783680063700105789e-02,5.070458884655666523e-06,1.242025822646290106e-07,1.205919623897418287e-12,-3.890627483908178971e-15,3.718652035913331853e-13,1.633455539236086748e-12,-2.650345678670021094e-16
1.327104748367527733e+06,-0.000000000000000000e+00,-1.753723560317127506e-02,-1.190932591708288718e-02,3.179759902216622997e-02,-1.312012355768947187e-05,-1.752038298911730917e-12,-5.006816692281716300e-11,-3.604425853405870076e-14,-5.134723247278950514e-14,1.213011811234960473e-12,8.263540639516245116e-18
1.345077126824069768e+06,0.000000000000000000e+00,-5.954002426922899688e-05,-1.162558453779028627e-03,2.882090688038906057e-02,-1.754157075997723930e-07,2.022110678319475535e-12,9.160931389915675618e-11,-1.132510192217832798e-13,7.420361228805165554e-15,1.533198236202685715e-12,5.826449465604518302e-17
1.385017333434603177e+06,-0.000000000000000000e+00,-2.459631781545608062e-03,4.709377439356346603e-04,3.438010239721971117e-02,-7.244391515465480468e-06,2.724364763016564436e-12,-1.101593080132505161e-12,1.042704356978549143e-14,4.388874079482753604e-14,8.832644376228762579e-13,-1.632927496518107590e-16
1.401343288094172487e+06,-0.000000000000000000e+00,-1.632786593632825842e-02,2.689054305066118818e-03,3.460115641955466281e-02,-2.064291267549340483e-05,1.928552256709391986e-12,1.125000767807525104e-11,-6.841944808812198433e-14,4.307892585430229129e-13,8.510993905308706733e-13,1.614001416195615819e-16
1.409151816113857552e+06,0.000000000000000000e+00,-3.453167044883387847e-03,-3.705860420476699089e-03,3.535893217371728625e-02,2.053828828468838717e-07,-5.480674551975723304e-07,-5.289015716806241761e-10,2.700275526191515022e-13,-3.637981002443261395e-15,8.811843916521699005e-13,-2.115982056201800890e-16
